200.0 1700.0 1200.0 3 
200.0 2150.0 1200.0 3 
200.0 2600.0 1200.0 5 
200.0 3050.0 1200.0 6 
200.0 3500.0 1200.0 7 
200.0 3950.0 1200.0 6 
200.0 4400.0 1200.0 6 
200.0 4850.0 1200.0 6 
200.0 5300.0 1200.0 5 
200.0 5750.0 1200.0 4 
700.0 1700.0 1200.0 0 
700.0 2150.0 1200.0 1 
700.0 2600.0 1200.0 1 
700.0 3050.0 1200.0 3 
700.0 3500.0 1200.0 2 
700.0 3950.0 1200.0 2 
700.0 4400.0 1200.0 3 
700.0 4850.0 1200.0 4 
700.0 5300.0 1200.0 3 
700.0 5750.0 1200.0 1 
1200.0 1700.0 1200.0 0 
1200.0 2150.0 1200.0 0 
1200.0 2600.0 1200.0 0 
1200.0 3050.0 1200.0 2 
1200.0 3500.0 1200.0 1 
1200.0 3950.0 1200.0 3 
1200.0 4400.0 1200.0 4 
1200.0 4850.0 1200.0 3 
1200.0 5300.0 1200.0 2 
1200.0 5750.0 1200.0 2 
1700.0 1700.0 1200.0 0 
1700.0 2150.0 1200.0 0 
1700.0 2600.0 1200.0 1 
1700.0 3050.0 1200.0 1 
1700.0 3500.0 1200.0 3 
1700.0 3950.0 1200.0 3 
1700.0 4400.0 1200.0 3 
1700.0 4850.0 1200.0 2 
1700.0 5300.0 1200.0 2 
1700.0 5750.0 1200.0 3 
2200.0 1700.0 1200.0 0 
2200.0 2150.0 1200.0 1 
2200.0 2600.0 1200.0 1 
2200.0 3050.0 1200.0 2 
2200.0 3500.0 1200.0 1 
2200.0 3950.0 1200.0 0 
2200.0 4400.0 1200.0 1 
2200.0 4850.0 1200.0 3 
2200.0 5300.0 1200.0 3 
2200.0 5750.0 1200.0 3 
2700.0 1700.0 1200.0 0 
2700.0 2150.0 1200.0 3 
2700.0 2600.0 1200.0 2 
2700.0 3050.0 1200.0 1 
2700.0 3500.0 1200.0 1 
2700.0 3950.0 1200.0 1 
2700.0 4400.0 1200.0 1 
2700.0 4850.0 1200.0 2 
2700.0 5300.0 1200.0 3 
2700.0 5750.0 1200.0 3 
3200.0 1700.0 1200.0 5 
3200.0 2150.0 1200.0 4 
3200.0 2600.0 1200.0 1 
3200.0 3050.0 1200.0 1 
3200.0 3500.0 1200.0 1 
3200.0 3950.0 1200.0 1 
3200.0 4400.0 1200.0 1 
3200.0 4850.0 1200.0 1 
3200.0 5300.0 1200.0 1 
3200.0 5750.0 1200.0 3 
3700.0 1700.0 1200.0 5 
3700.0 2150.0 1200.0 3 
3700.0 2600.0 1200.0 3 
3700.0 3050.0 1200.0 3 
3700.0 3500.0 1200.0 2 
3700.0 3950.0 1200.0 2 
3700.0 4400.0 1200.0 1 
3700.0 4850.0 1200.0 1 
3700.0 5300.0 1200.0 1 
3700.0 5750.0 1200.0 1 
4200.0 1700.0 1200.0 1 
4200.0 2150.0 1200.0 1 
4200.0 2600.0 1200.0 3 
4200.0 3050.0 1200.0 3 
4200.0 3500.0 1200.0 3 
4200.0 3950.0 1200.0 3 
4200.0 4400.0 1200.0 2 
4200.0 4850.0 1200.0 2 
4200.0 5300.0 1200.0 2 
4200.0 5750.0 1200.0 0 
4700.0 1700.0 1200.0 1 
4700.0 2150.0 1200.0 1 
4700.0 2600.0 1200.0 1 
4700.0 3050.0 1200.0 1 
4700.0 3500.0 1200.0 2 
4700.0 3950.0 1200.0 3 
4700.0 4400.0 1200.0 3 
4700.0 4850.0 1200.0 2 
4700.0 5300.0 1200.0 2 
4700.0 5750.0 1200.0 1 
