221
0.0 0.0 -1.0 5200.0 32 3057.3574637931574 3074.804205949023 5200.0 2182.357463793158 3949.8042059490235 5200.0 1182.3574637931579 5949.8042059490235 5200.0 1182.3574637931579 7949.804205949022 5200.0 2182.357463793158 9949.804205949022 5200.0 3057.3574637931574 10824.80420594902 5200.0 5057.357463793158 11824.804205949022 5200.0 7057.357463793157 11824.804205949022 5200.0 9057.357463793156 10824.80420594902 5200.0 9932.357463793156 9949.804205949022 5200.0 10932.357463793156 7949.804205949022 5200.0 10932.357463793156 5949.8042059490235 5200.0 9932.357463793156 3949.8042059490235 5200.0 9057.357463793156 3074.804205949023 5200.0 7057.357463793157 2074.8042059490235 5200.0 5057.357463793158 2074.8042059490235 5200.0 2337.357463793158 4069.8042059490235 5200.0 3177.3574637931574 3229.8042059490235 5200.0 5097.357463793158 2269.8042059490235 5200.0 7017.357463793157 2269.8042059490235 5200.0 8937.357463793156 3229.8042059490235 5200.0 9777.357463793156 4069.8042059490235 5200.0 10737.357463793154 5989.804205949023 5200.0 10737.357463793154 7909.804205949022 5200.0 9777.357463793156 9829.804205949022 5200.0 8937.357463793156 10669.804205949022 5200.0 7017.357463793157 11629.80420594902 5200.0 5097.357463793158 11629.80420594902 5200.0 3177.3574637931574 10669.804205949022 5200.0 2337.357463793158 9829.804205949022 5200.0 1377.3574637931583 7909.804205949022 5200.0 1377.3574637931583 5989.804205949023 5200.0 2 5843250.000000031 
-7.313759754610332e-17 0.8546520799265589 -0.5192011385553839 1424.5304921985023 3 7017.357463793157 3825.004205949023 9040.0 7017.357463793157 2658.6042059490237 7119.999999999999 5097.357463793158 2658.6042059490237 7119.999999999999 2 2156667.0734111927 
0.6999674303982393 0.6999674303982382 -0.1417434046556434 -3747.738785906177 3 3177.3574637931574 3618.6042059490237 7119.999999999999 3177.3574637931574 3229.8042059490235 5200.0 2726.157463793158 4069.8042059490235 7119.999999999999 2 618817.363764429 
0.699967430398239 0.6999674303982385 -0.14174340465564358 -3747.7387859061764 3 3177.3574637931574 3229.8042059490235 5200.0 2337.357463793158 4069.8042059490235 5200.0 2726.157463793158 4069.8042059490235 7119.999999999999 2 1152053.6027529272 
-0.8801077141734941 0.44005385708674727 -0.1782218121201324 7740.948112725098 3 10737.357463793154 5989.804205949023 5200.0 9388.557463793155 4069.8042059490235 7119.999999999999 10348.557463793155 5989.804205949023 7119.999999999999 2 2094289.1083859445 
0.44005385708674694 0.8801077141734941 -0.17822181212013283 -3314.0305811865837 3 5097.357463793158 2658.6042059490237 7119.999999999999 5097.357463793158 2269.8042059490235 5200.0 3177.3574637931574 3229.8042059490235 5200.0 2 2094289.1083859454 
-0.44005385708674705 0.8801077141734941 -0.17822181212013272 2017.0964502041638 3 8937.357463793156 3618.6042059490237 7119.999999999999 7017.357463793157 2269.8042059490235 5200.0 7017.357463793157 2658.6042059490237 7119.999999999999 2 2094289.1083859445 
0.9801066401787929 -0.0 -0.19847159463620576 -317.9049040552259 3 1766.1574637931585 5989.804205949023 7119.999999999999 1377.3574637931583 5989.804205949023 5200.0 1377.3574637931583 7909.804205949022 5200.0 2 1880611.6849323246 
-0.44005385708674694 0.8801077141734941 -0.17822181212013288 2017.096450204164 3 8937.357463793156 3618.6042059490237 7119.999999999999 8937.357463793156 3229.8042059490235 5200.0 7017.357463793157 2269.8042059490235 5200.0 2 2094289.1083859443 
-0.9801066401787929 0.0 -0.19847159463620545 11555.807640345263 3 10737.357463793154 7909.804205949022 5200.0 10737.357463793154 5989.804205949023 5200.0 10348.557463793155 5989.804205949023 7119.999999999999 2 1880611.684932324 
-0.6999674303982388 0.6999674303982388 -0.1417434046556433 4732.1670919636 3 8937.357463793156 3618.6042059490237 7119.999999999999 9388.557463793155 4069.8042059490235 7119.999999999999 9777.357463793156 4069.8042059490235 5200.0 2 618817.3637644292 
-0.9801066401787929 2.096837025419161e-17 -0.19847159463620548 11555.807640345261 3 10737.357463793154 7909.804205949022 5200.0 10348.557463793155 5989.804205949023 7119.999999999999 10348.557463793155 7909.804205949022 7119.999999999999 2 1880611.684932324 
-0.8801077141734941 0.44005385708674705 -0.17822181212013244 7740.9481127251 3 10737.357463793154 5989.804205949023 5200.0 9777.357463793156 4069.8042059490235 5200.0 9388.557463793155 4069.8042059490235 7119.999999999999 2 2094289.1083859445 
-0.0 0.9801066401787929 -0.19847159463620587 -1192.5978820481193 3 7017.357463793157 2658.6042059490237 7119.999999999999 5097.357463793158 2269.8042059490235 5200.0 5097.357463793158 2658.6042059490237 7119.999999999999 2 1880611.6849323246 
-0.6999674303982392 0.6999674303982385 -0.1417434046556435 4732.1670919636035 3 8937.357463793156 3229.8042059490235 5200.0 8937.357463793156 3618.6042059490237 7119.999999999999 9777.357463793156 4069.8042059490235 5200.0 2 1152053.602752927 
-0.8801077141734941 -0.44005385708674727 -0.17822181212013247 13857.524406376231 3 9777.357463793156 9829.804205949022 5200.0 10737.357463793154 7909.804205949022 5200.0 10348.557463793155 7909.804205949022 7119.999999999999 2 2094289.1083859447 
0.6999674303982384 -0.6999674303982392 -0.14174340465564345 5981.534397711846 3 2726.157463793158 9829.804205949022 7119.999999999999 2337.357463793158 9829.804205949022 5200.0 3177.3574637931574 10281.00420594902 7119.999999999999 2 618817.363764428 
0.6999674303982387 -0.6999674303982388 -0.14174340465564378 5981.534397711844 3 2337.357463793158 9829.804205949022 5200.0 3177.3574637931574 10669.804205949022 5200.0 3177.3574637931574 10281.00420594902 7119.999999999999 2 1152053.6027529268 
2.0968370254191607e-17 -0.9801066401787931 -0.19847159463620476 12430.500618338156 3 5097.357463793158 11241.00420594902 7119.999999999999 5097.357463793158 11629.80420594902 5200.0 7017.357463793157 11241.00420594902 7119.999999999999 2 1880611.6849323239 
-0.8801077141734941 -0.44005385708674705 -0.1782218121201324 13857.524406376231 3 9777.357463793156 9829.804205949022 5200.0 10348.557463793155 7909.804205949022 7119.999999999999 9388.557463793155 9829.804205949022 7119.999999999999 2 2094289.1083859447 
-0.4400538570867465 -0.8801077141734945 -0.17822181212013316 14250.249037506423 3 7017.357463793157 11629.80420594902 5200.0 8937.357463793156 10669.804205949022 5200.0 8937.357463793156 10281.00420594902 7119.999999999999 2 2094289.1083859438 
0.39295157660877056 0.7859031532175428 -0.47743616557965635 -693.0745816216131 3 3177.3574637931574 4069.8042059490235 7862.716049382716 4607.7574637931575 4069.8042059490235 9040.0 3177.3574637931574 3618.6042059490237 7119.999999999999 2 675898.1896736105 
0.4400538570867475 -0.880107714173494 -0.17822181212013308 8919.122006115673 3 3177.3574637931574 10281.00420594902 7119.999999999999 3177.3574637931574 10669.804205949022 5200.0 5097.357463793158 11241.00420594902 7119.999999999999 2 2094289.1083859461 
-0.6999674303982375 -0.6999674303982399 -0.14174340465564408 14461.440275581623 3 9388.557463793155 9829.804205949022 7119.999999999999 8937.357463793156 10281.00420594902 7119.999999999999 8937.357463793156 10669.804205949022 5200.0 2 618817.3637644284 
0.9801066401787929 -0.0 -0.19847159463620573 -317.904904055226 3 1766.1574637931585 7909.804205949022 7119.999999999999 1766.1574637931585 5989.804205949023 7119.999999999999 1377.3574637931583 7909.804205949022 5200.0 2 1880611.6849323246 
-0.0 0.9801066401787929 -0.1984715946362058 -1192.5978820481203 3 7017.357463793157 2658.6042059490237 7119.999999999999 7017.357463793157 2269.8042059490235 5200.0 5097.357463793158 2269.8042059490235 5200.0 2 1880611.6849323246 
0.8801077141734941 0.440053857086747 -0.1782218121201328 -2921.3059500563945 3 2726.157463793158 4069.8042059490235 7119.999999999999 2337.357463793158 4069.8042059490235 5200.0 1377.3574637931583 5989.804205949023 5200.0 2 2094289.1083859445 
0.8801077141734941 -0.44005385708674716 -0.1782218121201328 3195.2703435947356 3 2726.157463793158 9829.804205949022 7119.999999999999 1766.1574637931585 7909.804205949022 7119.999999999999 2337.357463793158 9829.804205949022 5200.0 2 2094289.1083859447 
-0.6999674303982388 -0.6999674303982388 -0.1417434046556433 14461.440275581617 3 9777.357463793156 9829.804205949022 5200.0 9388.557463793155 9829.804205949022 7119.999999999999 8937.357463793156 10669.804205949022 5200.0 2 1152053.6027529265 
0.6496991726402837 0.6496991726402827 -0.3946922473789713 -1605.121872788297 3 3177.3574637931574 4069.8042059490235 7862.716049382716 3177.3574637931574 3618.6042059490237 7119.999999999999 2726.157463793158 4069.8042059490235 7119.999999999999 2 257898.95969824694 
0.39295157660877106 0.7859031532175426 -0.47743616557965635 -693.0745816216139 3 3177.3574637931574 3618.6042059490237 7119.999999999999 5097.357463793158 3825.004205949023 9040.0 5097.357463793158 2658.6042059490237 7119.999999999999 2 2345327.1468040454 
7.313759754610332e-17 0.8546520799265589 -0.5192011385553839 1424.5304921985019 3 7017.357463793157 3825.004205949023 9040.0 5097.357463793158 2658.6042059490237 7119.999999999999 5097.357463793158 3825.004205949023 9040.0 2 2156667.0734111927 
0.8801077141734941 -0.440053857086747 -0.17822181212013274 3195.2703435947337 3 1766.1574637931585 7909.804205949022 7119.999999999999 1377.3574637931583 7909.804205949022 5200.0 2337.357463793158 9829.804205949022 5200.0 2 2094289.1083859445 
0.4400538570867466 -0.8801077141734946 -0.1782218121201319 8919.122006115676 3 3177.3574637931574 10669.804205949022 5200.0 5097.357463793158 11629.80420594902 5200.0 5097.357463793158 11241.00420594902 7119.999999999999 2 2094289.1083859445 
-0.39295157660877184 0.7859031532175417 -0.47743616557965696 4067.421749339257 3 7017.357463793157 3825.004205949023 9040.0 8937.357463793156 4069.8042059490235 7862.716049382716 8937.357463793156 3618.6042059490237 7119.999999999999 2 907245.8921793423 
0.0 -0.9801066401787931 -0.1984715946362047 12430.500618338156 3 5097.357463793158 11629.80420594902 5200.0 7017.357463793157 11629.80420594902 5200.0 7017.357463793157 11241.00420594902 7119.999999999999 2 1880611.6849323239 
0.8801077141734941 0.440053857086747 -0.17822181212013272 -2921.3059500563954 3 1766.1574637931585 5989.804205949023 7119.999999999999 2726.157463793158 4069.8042059490235 7119.999999999999 1377.3574637931583 5989.804205949023 5200.0 2 2094289.1083859445 
0.3929515766087714 0.7859031532175422 -0.4774361655796566 -693.0745816216127 3 3177.3574637931574 3618.6042059490237 7119.999999999999 4607.7574637931575 4069.8042059490235 9040.0 5097.357463793158 3825.004205949023 9040.0 2 598058.422435032 
-0.39295157660877134 0.7859031532175422 -0.47743616557965646 4067.421749339246 3 7017.357463793157 3825.004205949023 9040.0 8937.357463793156 3618.6042059490237 7119.999999999999 7017.357463793157 2658.6042059490237 7119.999999999999 2 2345327.1468040436 
0.440053857086747 0.8801077141734941 -0.17822181212013288 -3314.0305811865837 3 5097.357463793158 2658.6042059490237 7119.999999999999 3177.3574637931574 3229.8042059490235 5200.0 3177.3574637931574 3618.6042059490237 7119.999999999999 2 2094289.108385946 
-0.39295157660877184 0.7859031532175416 -0.47743616557965735 4067.42174933926 3 7506.957463793156 4069.8042059490235 9040.0 8937.357463793156 4069.8042059490235 7862.716049382716 7017.357463793157 3825.004205949023 9040.0 2 366710.7199292993 
-0.649699172640283 0.6496991726402832 -0.3946922473789715 6265.798392437419 3 9388.557463793155 4069.8042059490235 7119.999999999999 8937.357463793156 3618.6042059490237 7119.999999999999 8937.357463793156 4069.8042059490235 7862.716049382716 2 257898.95969824714 
-0.44005385708674755 -0.8801077141734941 -0.1782218121201319 14250.24903750642 3 7017.357463793157 11241.00420594902 7119.999999999999 7017.357463793157 11629.80420594902 5200.0 8937.357463793156 10281.00420594902 7119.999999999999 2 2094289.1083859445 
0.6496991726402828 -0.6496991726402839 -0.3946922473789708 7425.442212445787 3 3177.3574637931574 9829.804205949022 7862.716049382716 2726.157463793158 9829.804205949022 7119.999999999999 3177.3574637931574 10281.00420594902 7119.999999999999 2 257898.95969824653 
0.7859031532175422 0.3929515766087711 -0.4774361655796567 -342.38622725210115 3 3177.3574637931574 5500.204205949023 9040.0 3177.3574637931574 4069.8042059490235 7862.716049382716 2932.5574637931577 5989.804205949023 9040.0 2 366710.71992929897 
0.5363472530891407 0.536347253089141 -0.651661912503306 1236.8373239520495 3 3177.3574637931574 5500.204205949023 9040.0 4607.7574637931575 4069.8042059490235 9040.0 3177.3574637931574 4069.8042059490235 7862.716049382716 2 1569866.3070090194 
-0.7859031532175421 0.3929515766087712 -0.4774361655796568 9178.606434669611 3 8937.357463793156 4069.8042059490235 7862.716049382716 8937.357463793156 5500.204205949023 9040.0 9388.557463793155 4069.8042059490235 7119.999999999999 2 675898.18967361 
-0.7859031532175421 -0.3929515766087712 -0.47743616557965696 14640.47947436949 3 9182.157463793155 7909.804205949022 9040.0 9388.557463793155 9829.804205949022 7119.999999999999 10348.557463793155 7909.804205949022 7119.999999999999 2 2345327.1468040454 
0.3929515766087715 -0.7859031532175421 -0.4774361655796567 10230.671497778134 3 5097.357463793158 10074.604205949021 9040.0 3177.3574637931574 10281.00420594902 7119.999999999999 5097.357463793158 11241.00420594902 7119.999999999999 2 2345327.1468040464 
0.5363472530891407 -0.536347253089141 -0.651661912503306 8691.854114688284 3 4607.7574637931575 9829.804205949022 9040.0 3177.3574637931574 8399.404205949022 9040.0 3177.3574637931574 9829.804205949022 7862.716049382716 2 1569866.3070090201 
0.7859031532175431 -0.3929515766087702 -0.4774361655796561 5119.486812447758 3 2726.157463793158 9829.804205949022 7119.999999999999 3177.3574637931574 8399.404205949022 9040.0 2932.5574637931577 7909.804205949022 9040.0 2 598058.4224350314 
0.7859031532175426 0.39295157660877106 -0.4774361655796564 -342.3862272521049 3 2932.5574637931577 5989.804205949023 9040.0 3177.3574637931574 4069.8042059490235 7862.716049382716 2726.157463793158 4069.8042059490235 7119.999999999999 2 907245.8921793422 
0.8546520799265589 -0.0 -0.5192011385553839 2187.2619566056937 3 2932.5574637931577 7909.804205949022 9040.0 2932.5574637931577 5989.804205949023 9040.0 1766.1574637931585 7909.804205949022 7119.999999999999 2 2156667.073411193 
0.7859031532175422 -0.39295157660877134 -0.47743616557965646 5119.486812447772 3 2726.157463793158 9829.804205949022 7119.999999999999 2932.5574637931577 7909.804205949022 9040.0 1766.1574637931585 7909.804205949022 7119.999999999999 2 2345327.1468040445 
0.7859031532175424 0.3929515766087712 -0.47743616557965646 -342.38622725210445 3 2932.5574637931577 5989.804205949023 9040.0 2726.157463793158 4069.8042059490235 7119.999999999999 1766.1574637931585 5989.804205949023 7119.999999999999 2 2345327.146804044 
-0.7859031532175421 0.39295157660877117 -0.4774361655796569 9178.606434669611 3 9388.557463793155 4069.8042059490235 7119.999999999999 9182.157463793155 5989.804205949023 9040.0 10348.557463793155 5989.804205949023 7119.999999999999 2 2345327.1468040445 
-0.7859031532175436 0.3929515766087697 -0.4774361655796559 9178.606434669624 3 9388.557463793155 4069.8042059490235 7119.999999999999 8937.357463793156 5500.204205949023 9040.0 9182.157463793155 5989.804205949023 9040.0 2 598058.422435031 
0.8546520799265589 -0.0 -0.5192011385553837 2187.2619566056933 3 2932.5574637931577 5989.804205949023 9040.0 1766.1574637931585 5989.804205949023 7119.999999999999 1766.1574637931585 7909.804205949022 7119.999999999999 2 2156667.073411193 
-0.8546520799265586 7.313759754610329e-17 -0.5192011385553843 12541.12826718467 3 10348.557463793155 7909.804205949022 7119.999999999999 9182.157463793155 5989.804205949023 9040.0 9182.157463793155 7909.804205949022 9040.0 2 2156667.073411193 
-0.8546520799265586 -7.31375975461033e-17 -0.5192011385553843 12541.12826718467 3 10348.557463793155 7909.804205949022 7119.999999999999 10348.557463793155 5989.804205949023 7119.999999999999 9182.157463793155 5989.804205949023 9040.0 2 2156667.0734111937 
-0.7859031532175431 -0.3929515766087705 -0.47743616557965596 14640.47947436948 3 8937.357463793156 8399.404205949022 9040.0 8937.357463793156 9829.804205949022 7862.716049382716 9182.157463793155 7909.804205949022 9040.0 2 366710.7199292986 
-0.7859031532175419 -0.3929515766087713 -0.4774361655796571 14640.47947436949 3 9182.157463793155 7909.804205949022 9040.0 8937.357463793156 9829.804205949022 7862.716049382716 9388.557463793155 9829.804205949022 7119.999999999999 2 907245.8921793426 
0.3929515766087702 -0.7859031532175432 -0.4774361655796559 10230.671497778143 3 4607.7574637931575 9829.804205949022 9040.0 3177.3574637931574 9829.804205949022 7862.716049382716 5097.357463793158 10074.604205949021 9040.0 2 366710.7199292986 
0.39295157660877056 -0.785903153217543 -0.47743616557965607 10230.671497778143 3 5097.357463793158 10074.604205949021 9040.0 3177.3574637931574 9829.804205949022 7862.716049382716 3177.3574637931574 10281.00420594902 7119.999999999999 2 907245.8921793418 
-0.5363472530891407 0.5363472530891409 -0.6516619125033059 7734.531397320976 3 8937.357463793156 5500.204205949023 9040.0 8937.357463793156 4069.8042059490235 7862.716049382716 7506.957463793156 4069.8042059490235 9040.0 2 1569866.307009019 
0.7859031532175427 -0.3929515766087707 -0.47743616557965624 5119.486812447763 3 3177.3574637931574 9829.804205949022 7862.716049382716 3177.3574637931574 8399.404205949022 9040.0 2726.157463793158 9829.804205949022 7119.999999999999 2 675898.1896736099 
-0.5363472530891409 -0.5363472530891409 -0.6516619125033059 15189.548188057208 3 7506.957463793156 9829.804205949022 9040.0 8937.357463793156 9829.804205949022 7862.716049382716 8937.357463793156 8399.404205949022 9040.0 2 1569866.307009019 
0.0 -0.44278031245462424 -0.8966301327206138 12674.76541845002 3 5097.357463793158 9829.804205949022 9281.777777777777 7017.357463793157 9829.804205949022 9281.777777777777 5097.357463793158 7909.804205949022 10229.925925925927 2 2055697.140589332 
0.33148538883453443 0.6629707776690669 -0.6712579123899324 1842.6059940854225 3 5097.357463793158 4069.8042059490235 9281.777777777777 5097.357463793158 3825.004205949023 9040.0 4607.7574637931575 4069.8042059490235 9040.0 2 89275.72978117633 
-0.4048674244616706 -0.4048674244616706 -0.8198565345348824 14430.593117929664 3 7017.357463793157 9829.804205949022 9281.777777777777 8937.357463793156 7909.804205949022 9281.777777777777 7017.357463793157 7909.804205949022 10229.925925925927 2 2248198.218052473 
0.33148538883453366 -0.6629707776690692 -0.6712579123899306 11057.640192216984 3 5097.357463793158 9829.804205949022 9281.777777777777 4607.7574637931575 9829.804205949022 9040.0 5097.357463793158 10074.604205949021 9040.0 2 89275.72978117604 
-0.7027012590611689 7.315209519155173e-18 -0.7114850247994317 12884.138234892222 3 9182.157463793155 5989.804205949023 9040.0 8937.357463793156 5989.804205949023 9281.777777777777 8937.357463793156 7909.804205949022 9281.777777777777 2 330306.31961122184 
1.4630419038310217e-17 0.7027012590611669 -0.7114850247994337 3743.989352752242 3 5097.357463793158 3825.004205949023 9040.0 5097.357463793158 4069.8042059490235 9281.777777777777 7017.357463793157 4069.8042059490235 9281.777777777777 2 330306.3196112229 
-0.3929515766087704 -0.7859031532175431 -0.4774361655796559 14991.16782873899 3 8937.357463793156 9829.804205949022 7862.716049382716 7506.957463793156 9829.804205949022 9040.0 8937.357463793156 10281.00420594902 7119.999999999999 2 675898.189673609 
0.4048674244616702 0.40486742446167023 -0.8198565345348828 3898.241028359514 3 4607.7574637931575 4069.8042059490235 9040.0 3177.3574637931574 5500.204205949023 9040.0 5097.357463793158 4069.8042059490235 9281.777777777777 2 427101.45647451846 
0.404867424461671 0.4048674244616713 -0.8198565345348819 3898.2410283594972 3 5097.357463793158 4069.8042059490235 9281.777777777777 3177.3574637931574 5500.204205949023 9040.0 3177.3574637931574 5989.804205949023 9281.777777777777 2 573290.5456033807 
0.6629707776690681 -0.33148538883453404 -0.6712579123899314 6745.956148488844 3 3177.3574637931574 7909.804205949022 9281.777777777777 2932.5574637931577 7909.804205949022 9040.0 3177.3574637931574 8399.404205949022 9040.0 2 89275.72978117618 
-0.39295157660876945 -0.785903153217544 -0.4774361655796552 14991.167828738984 3 8937.357463793156 10281.00420594902 7119.999999999999 7506.957463793156 9829.804205949022 9040.0 7017.357463793157 10074.604205949021 9040.0 2 598058.4224350307 
-0.3314853888345345 0.662970777669067 -0.6712579123899324 5858.45698247591 3 7506.957463793156 4069.8042059490235 9040.0 7017.357463793157 3825.004205949023 9040.0 7017.357463793157 4069.8042059490235 9281.777777777777 2 89275.72978117633 
-0.6496991726402821 -0.6496991726402843 -0.394692247378971 15296.362477671499 3 8937.357463793156 10281.00420594902 7119.999999999999 9388.557463793155 9829.804205949022 7119.999999999999 8937.357463793156 9829.804205949022 7862.716049382716 2 257898.95969824665 
-0.4048674244616707 0.4048674244616707 -0.8198565345348823 8803.09445917873 3 8937.357463793156 5500.204205949023 9040.0 7506.957463793156 4069.8042059490235 9040.0 8937.357463793156 5989.804205949023 9281.777777777777 2 427101.4564745184 
0.662970777669068 0.331485388834534 -0.6712579123899316 2138.4390494230634 3 3177.3574637931574 5989.804205949023 9281.777777777777 3177.3574637931574 5500.204205949023 9040.0 2932.5574637931577 5989.804205949023 9040.0 2 89275.72978117618 
-0.6629707776690692 0.33148538883453366 -0.6712579123899306 10170.141026204032 3 9182.157463793155 5989.804205949023 9040.0 8937.357463793156 5500.204205949023 9040.0 8937.357463793156 5989.804205949023 9281.777777777777 2 89275.72978117604 
0.0 0.0 -1.0 10229.925925925925 3 5097.357463793158 7909.804205949022 10229.925925925927 7017.357463793157 7909.804205949022 10229.925925925927 5097.357463793158 5989.804205949023 10229.925925925927 2 1843199.9999999988 
-0.4427803124546241 -3.836495302291003e-17 -0.8966301327206138 12279.607571109133 3 8937.357463793156 7909.804205949022 9281.777777777777 8937.357463793156 5989.804205949023 9281.777777777777 7017.357463793157 5989.804205949023 10229.925925925927 2 2055697.1405893315 
0.40486742446167046 -0.40486742446167046 -0.8198565345348826 9525.73968711044 3 3177.3574637931574 7909.804205949022 9281.777777777777 5097.357463793158 9829.804205949022 9281.777777777777 5097.357463793158 7909.804205949022 10229.925925925927 2 2248198.2180524743 
0.7027012590611679 1.463041903831028e-17 -0.7114850247994327 4371.112802110194 3 3177.3574637931574 7909.804205949022 9281.777777777777 3177.3574637931574 5989.804205949023 9281.777777777777 2932.5574637931577 7909.804205949022 9040.0 2 330306.31961122237 
3.836495302291003e-17 -0.4427803124546243 -0.8966301327206138 12674.76541845002 3 7017.357463793157 9829.804205949022 9281.777777777777 7017.357463793157 7909.804205949022 10229.925925925927 5097.357463793158 7909.804205949022 10229.925925925927 2 2055697.140589332 
0.0 -0.8546520799265586 -0.5192011385553842 13303.859731591858 3 5097.357463793158 10074.604205949021 9040.0 5097.357463793158 11241.00420594902 7119.999999999999 7017.357463793157 10074.604205949021 9040.0 2 2156667.0734111937 
0.0 0.7027012590611669 -0.7114850247994338 3743.989352752244 3 7017.357463793157 3825.004205949023 9040.0 5097.357463793158 3825.004205949023 9040.0 7017.357463793157 4069.8042059490235 9281.777777777777 2 330306.3196112229 
0.7027012590611679 7.31520951915514e-18 -0.7114850247994327 4371.112802110194 3 3177.3574637931574 5989.804205949023 9281.777777777777 2932.5574637931577 5989.804205949023 9040.0 2932.5574637931577 7909.804205949022 9040.0 2 330306.31961122237 
0.442780312454624 3.836495302291e-17 -0.8966301327206138 6915.450310173767 3 5097.357463793158 7909.804205949022 10229.925925925927 5097.357463793158 5989.804205949023 10229.925925925927 3177.3574637931574 5989.804205949023 9281.777777777777 2 2055697.1405893327 
-0.4048674244616695 -0.4048674244616694 -0.8198565345348836 14430.593117929655 3 7017.357463793157 9829.804205949022 9281.777777777777 8937.357463793156 8399.404205949022 9040.0 8937.357463793156 7909.804205949022 9281.777777777777 2 573290.5456033805 
-7.315209519155173e-18 -0.7027012590611691 -0.7114850247994317 13511.261684250188 3 5097.357463793158 10074.604205949021 9040.0 7017.357463793157 10074.604205949021 9040.0 5097.357463793158 9829.804205949022 9281.777777777777 2 330306.31961122184 
0.40486742446167046 0.4048674244616706 -0.8198565345348826 3898.241028359508 3 5097.357463793158 4069.8042059490235 9281.777777777777 3177.3574637931574 5989.804205949023 9281.777777777777 5097.357463793158 5989.804205949023 10229.925925925927 2 2248198.218052474 
0.0 0.4427803124546241 -0.8966301327206138 6520.29246283288 3 7017.357463793157 5989.804205949023 10229.925925925927 7017.357463793157 4069.8042059490235 9281.777777777777 5097.357463793158 4069.8042059490235 9281.777777777777 2 2055697.1405893317 
7.31375975461033e-17 -0.8546520799265586 -0.5192011385553843 13303.859731591861 3 5097.357463793158 11241.00420594902 7119.999999999999 7017.357463793157 11241.00420594902 7119.999999999999 7017.357463793157 10074.604205949021 9040.0 2 2156667.0734111937 
-0.40486742446167023 0.40486742446167023 -0.8198565345348827 8803.094459178734 3 8937.357463793156 5989.804205949023 9281.777777777777 7506.957463793156 4069.8042059490235 9040.0 7017.357463793157 4069.8042059490235 9281.777777777777 2 573290.5456033803 
0.0 -0.7027012590611691 -0.7114850247994317 13511.261684250188 3 7017.357463793157 10074.604205949021 9040.0 7017.357463793157 9829.804205949022 9281.777777777777 5097.357463793158 9829.804205949022 9281.777777777777 2 330306.31961122184 
-0.6629707776690692 -0.33148538883453366 -0.6712579123899306 14777.65812526981 3 8937.357463793156 8399.404205949022 9040.0 9182.157463793155 7909.804205949022 9040.0 8937.357463793156 7909.804205949022 9281.777777777777 2 89275.72978117604 
-0.4048674244616695 -0.4048674244616692 -0.8198565345348836 14430.593117929653 3 7506.957463793156 9829.804205949022 9040.0 8937.357463793156 8399.404205949022 9040.0 7017.357463793157 9829.804205949022 9281.777777777777 2 427101.45647451846 
-0.33148538883453366 -0.6629707776690692 -0.6712579123899306 15073.491180607463 3 7017.357463793157 10074.604205949021 9040.0 7506.957463793156 9829.804205949022 9040.0 7017.357463793157 9829.804205949022 9281.777777777777 2 89275.72978117604 
0.0 0.0 -1.0 10229.925925925925 3 7017.357463793157 7909.804205949022 10229.925925925927 7017.357463793157 5989.804205949023 10229.925925925927 5097.357463793158 5989.804205949023 10229.925925925927 2 1843199.9999999988 
0.0 0.4427803124546241 -0.8966301327206138 6520.29246283288 3 5097.357463793158 5989.804205949023 10229.925925925927 7017.357463793157 5989.804205949023 10229.925925925927 5097.357463793158 4069.8042059490235 9281.777777777777 2 2055697.1405893317 
-0.3929515766087716 -0.7859031532175419 -0.4774361655796568 14991.167828738995 3 8937.357463793156 10281.00420594902 7119.999999999999 7017.357463793157 10074.604205949021 9040.0 7017.357463793157 11241.00420594902 7119.999999999999 2 2345327.146804045 
-0.40486742446167046 0.40486742446167046 -0.8198565345348826 8803.094459178732 3 8937.357463793156 5989.804205949023 9281.777777777777 7017.357463793157 4069.8042059490235 9281.777777777777 7017.357463793157 5989.804205949023 10229.925925925927 2 2248198.218052472 
-0.4427803124546243 3.836495302291003e-17 -0.8966301327206138 12279.607571109134 3 7017.357463793157 7909.804205949022 10229.925925925927 8937.357463793156 7909.804205949022 9281.777777777777 7017.357463793157 5989.804205949023 10229.925925925927 2 2055697.1405893315 
0.4427803124546241 -3.836495302291e-17 -0.8966301327206138 6915.4503101737655 3 3177.3574637931574 7909.804205949022 9281.777777777777 5097.357463793158 7909.804205949022 10229.925925925927 3177.3574637931574 5989.804205949023 9281.777777777777 2 2055697.1405893327 
0.4048674244616696 -0.40486742446166973 -0.8198565345348835 9525.739687110445 3 3177.3574637931574 8399.404205949022 9040.0 4607.7574637931575 9829.804205949022 9040.0 3177.3574637931574 7909.804205949022 9281.777777777777 2 427101.45647451864 
-0.7027012590611691 0.0 -0.7114850247994317 12884.138234892222 3 9182.157463793155 7909.804205949022 9040.0 9182.157463793155 5989.804205949023 9040.0 8937.357463793156 7909.804205949022 9281.777777777777 2 330306.31961122184 
0.4048674244616701 -0.4048674244616703 -0.8198565345348828 9525.739687110441 3 3177.3574637931574 7909.804205949022 9281.777777777777 4607.7574637931575 9829.804205949022 9040.0 5097.357463793158 9829.804205949022 9281.777777777777 2 573290.5456033804 
-0.0 0.7027012590611684 0.7114850247994323 -13716.590992147861 3 7057.357463793157 10204.804205949022 9200.0 5057.357463793158 10204.804205949022 9200.0 5057.357463793158 9949.804205949022 9451.851851851852 2 358405.294717038 
-0.40486742446166973 -0.4048674244616698 0.8198565345348833 -4102.45615725799 3 3057.3574637931574 5439.804205949022 9200.0 5057.357463793158 3949.8042059490235 9451.851851851852 3057.3574637931574 5949.8042059490235 9451.851851851852 2 622060.0538231138 
0.7027012590611663 -0.0 0.7114850247994341 -13089.467542789893 3 9312.357463793156 5949.8042059490235 9200.0 9312.357463793156 7949.804205949022 9200.0 9057.357463793156 7949.804205949022 9451.851851851852 2 358405.29471703904 
-0.0 -0.7027012590611674 0.7114850247994332 -3949.3186606499094 3 5057.357463793158 3694.8042059490226 9200.0 7057.357463793157 3694.8042059490226 9200.0 7057.357463793157 3949.8042059490235 9451.851851851852 2 358405.2947170386 
0.6629707776690663 0.33148538883453504 0.6712579123899327 -14984.6376020581 3 9312.357463793156 7949.804205949022 9200.0 9057.357463793156 8459.804205949022 9200.0 9057.357463793156 7949.804205949022 9451.851851851852 2 96870.36651603345 
-0.702701259061169 -0.0 0.7114850247994318 -4576.442110007855 3 3057.3574637931574 5949.8042059490235 9451.851851851852 3057.3574637931574 7949.804205949022 9451.851851851852 2802.357463793158 7949.804205949022 9200.0 2 358405.2947170379 
-0.4427803124546236 -6.517028174914049e-17 0.8966301327206141 -7121.0774872776965 3 5057.357463793158 5949.8042059490235 10439.506172839505 5057.357463793158 7949.804205949022 10439.506172839505 3057.3574637931574 5949.8042059490235 9451.851851851852 2 2230574.154285299 
-0.0 -0.44278031245462374 0.8966301327206141 -6725.919639936812 3 7057.357463793157 3949.8042059490235 9451.851851851852 7057.357463793157 5949.8042059490235 10439.506172839505 5057.357463793158 3949.8042059490235 9451.851851851852 2 2230574.1542852987 
0.7859031532175421 0.3929515766087715 0.4774361655796568 -14834.91191447551 3 9527.357463793156 9949.804205949022 7200.0 9312.357463793156 7949.804205949022 9200.0 10527.357463793156 7949.804205949022 7200.0 2 2544842.8242231384 
0.7027012590611663 -0.0 0.7114850247994341 -13089.467542789893 3 9057.357463793156 5949.8042059490235 9451.851851851852 9312.357463793156 5949.8042059490235 9200.0 9057.357463793156 7949.804205949022 9451.851851851852 2 358405.29471703904 
-0.0 0.8546520799265586 0.5192011385553842 -13498.207614567158 3 7057.357463793157 11419.80420594902 7200.0 5057.357463793158 11419.80420594902 7200.0 7057.357463793157 10204.804205949022 9200.0 2 2340133.543197908 
-6.517028174914045e-17 -0.4427803124546236 0.8966301327206141 -6725.919639936812 3 7057.357463793157 5949.8042059490235 10439.506172839505 5057.357463793158 5949.8042059490235 10439.506172839505 5057.357463793158 3949.8042059490235 9451.851851851852 2 2230574.1542852987 
-0.40486742446167023 0.40486742446167023 0.8198565345348828 -9729.954816008909 3 5057.357463793158 9949.804205949022 9451.851851851852 3057.3574637931574 7949.804205949022 9451.851851851852 5057.357463793158 7949.804205949022 10439.506172839505 2 2439451.1914631873 
-1.2426296081547355e-17 0.7027012590611684 0.7114850247994322 -13716.590992147861 3 7057.357463793157 9949.804205949022 9451.851851851852 7057.357463793157 10204.804205949022 9200.0 5057.357463793158 9949.804205949022 9451.851851851852 2 358405.2947170381 
0.39295157660877045 0.7859031532175427 0.47743616557965635 -15185.60026884501 3 7567.357463793158 9949.804205949022 9200.0 9057.357463793156 10419.804205949022 7200.0 7057.357463793157 10204.804205949022 9200.0 2 648934.9201769009 
-0.44278031245462374 -0.0 0.8966301327206141 -7121.0774872776965 3 5057.357463793158 7949.804205949022 10439.506172839505 3057.3574637931574 7949.804205949022 9451.851851851852 3057.3574637931574 5949.8042059490235 9451.851851851852 2 2230574.154285299 
-0.3314853888345342 0.6629707776690683 0.671257912389931 -11264.619669005258 3 4547.357463793158 9949.804205949022 9200.0 5057.357463793158 9949.804205949022 9451.851851851852 5057.357463793158 10204.804205949022 9200.0 2 96870.36651603313 
0.44278031245462374 -0.0 0.8966301327206141 -12485.234748213059 3 9057.357463793156 7949.804205949022 9451.851851851852 7057.357463793157 7949.804205949022 10439.506172839505 7057.357463793157 5949.8042059490235 10439.506172839505 2 2230574.154285298 
0.39295157660877095 0.7859031532175422 0.47743616557965685 -15185.600268845013 3 7057.357463793157 10204.804205949022 9200.0 9057.357463793156 10419.804205949022 7200.0 7057.357463793157 11419.80420594902 7200.0 2 2544842.8242231375 
-0.39295157660877095 0.7859031532175422 0.47743616557965685 -10425.10393788416 3 3057.3574637931574 10419.804205949022 7200.0 5057.357463793158 10204.804205949022 9200.0 5057.357463793158 11419.80420594902 7200.0 2 2544842.824223138 
-0.6496991726402835 0.6496991726402828 0.3946922473789716 -7625.159738115404 3 2587.357463793158 9949.804205949022 7200.0 3057.3574637931574 9949.804205949022 7973.6625514403295 3057.3574637931574 10419.804205949022 7200.0 2 279838.2809225769 
-0.3929515766087713 0.7859031532175419 0.4774361655796571 -10425.103937884158 3 3057.3574637931574 9949.804205949022 7973.6625514403295 5057.357463793158 10204.804205949022 9200.0 3057.3574637931574 10419.804205949022 7200.0 2 984424.7962015434 
-0.40486742446167023 -0.40486742446167023 0.8198565345348828 -4102.45615725798 3 3057.3574637931574 5949.8042059490235 9451.851851851852 5057.357463793158 3949.8042059490235 9451.851851851852 5057.357463793158 5949.8042059490235 10439.506172839505 2 2439451.1914631873 
0.4048674244616698 -0.40486742446166973 0.8198565345348833 -9007.309588077203 3 7567.357463793158 3949.8042059490235 9200.0 9057.357463793156 5949.8042059490235 9451.851851851852 7057.357463793157 3949.8042059490235 9451.851851851852 2 622060.0538231138 
0.4427803124546236 6.517028174914049e-17 0.8966301327206141 -12485.23474821306 3 9057.357463793156 5949.8042059490235 9451.851851851852 9057.357463793156 7949.804205949022 9451.851851851852 7057.357463793157 5949.8042059490235 10439.506172839505 2 2230574.154285298 
-0.4048674244616699 0.40486742446167023 0.8198565345348828 -9729.954816008909 3 4547.357463793158 9949.804205949022 9200.0 3057.3574637931574 8459.804205949022 9200.0 3057.3574637931574 7949.804205949022 9451.851851851852 2 463434.7400982191 
-0.39295157660877017 0.7859031532175438 0.4774361655796552 -10425.103937884161 3 3057.3574637931574 9949.804205949022 7973.6625514403295 4547.357463793158 9949.804205949022 9200.0 5057.357463793158 10204.804205949022 9200.0 2 397906.59714550653 
-0.0 0.8546520799265586 0.5192011385553842 -13498.207614567158 3 5057.357463793158 11419.80420594902 7200.0 5057.357463793158 10204.804205949022 9200.0 7057.357463793157 10204.804205949022 9200.0 2 2340133.543197908 
0.40486742446167023 -0.40486742446167023 0.8198565345348828 -9007.3095880772 3 7057.357463793157 3949.8042059490235 9451.851851851852 9057.357463793156 5949.8042059490235 9451.851851851852 7057.357463793157 5949.8042059490235 10439.506172839505 2 2439451.1914631864 
0.40486742446167046 -0.40486742446167023 0.8198565345348827 -9007.309588077202 3 7567.357463793158 3949.8042059490235 9200.0 9057.357463793156 5439.804205949022 9200.0 9057.357463793156 5949.8042059490235 9451.851851851852 2 463434.74009821936 
-0.702701259061169 -0.0 0.7114850247994318 -4576.442110007855 3 2802.357463793158 5949.8042059490235 9200.0 3057.3574637931574 5949.8042059490235 9451.851851851852 2802.357463793158 7949.804205949022 9200.0 2 358405.2947170379 
6.517028174914047e-17 0.44278031245462374 0.8966301327206141 -12880.392595553945 3 7057.357463793157 9949.804205949022 9451.851851851852 5057.357463793158 9949.804205949022 9451.851851851852 5057.357463793158 7949.804205949022 10439.506172839505 2 2230574.1542852996 
0.7859031532175416 0.3929515766087718 0.4774361655796572 -14834.911914475511 3 9057.357463793156 9949.804205949022 7973.6625514403295 9312.357463793156 7949.804205949022 9200.0 9527.357463793156 9949.804205949022 7200.0 2 984424.7962015436 
0.649699172640283 0.649699172640283 0.3946922473789718 -15496.080003341123 3 9527.357463793156 9949.804205949022 7200.0 9057.357463793156 10419.804205949022 7200.0 9057.357463793156 9949.804205949022 7973.6625514403295 2 279838.2809225771 
0.4048674244616696 0.4048674244616695 0.8198565345348835 -14634.808246828123 3 9057.357463793156 8459.804205949022 9200.0 7057.357463793157 9949.804205949022 9451.851851851852 9057.357463793156 7949.804205949022 9451.851851851852 2 622060.0538231124 
0.6629707776690665 -0.33148538883453416 0.6712579123899328 -10377.120502992308 3 9057.357463793156 5439.804205949022 9200.0 9312.357463793156 5949.8042059490235 9200.0 9057.357463793156 5949.8042059490235 9451.851851851852 2 96870.36651603367 
-0.0 -0.0 1.0 -10439.506172839505 3 7057.357463793157 7949.804205949022 10439.506172839505 5057.357463793158 7949.804205949022 10439.506172839505 5057.357463793158 5949.8042059490235 10439.506172839505 2 1999999.9999999977 
0.3314853888345334 0.6629707776690686 0.6712579123899312 -15280.470657395741 3 7567.357463793158 9949.804205949022 9200.0 7057.357463793157 10204.804205949022 9200.0 7057.357463793157 9949.804205949022 9451.851851851852 2 96870.36651603338 
-0.6629707776690691 -0.3314853888345331 0.6712579123899309 -2345.4185262113415 3 3057.3574637931574 5439.804205949022 9200.0 3057.3574637931574 5949.8042059490235 9451.851851851852 2802.357463793158 5949.8042059490235 9200.0 2 96870.36651603333 
0.40486742446167023 0.40486742446167023 0.8198565345348828 -14634.808246828128 3 9057.357463793156 7949.804205949022 9451.851851851852 7057.357463793157 9949.804205949022 9451.851851851852 7057.357463793157 7949.804205949022 10439.506172839505 2 2439451.1914631864 
0.3929515766087711 0.7859031532175422 0.4774361655796568 -15185.600268845013 3 7567.357463793158 9949.804205949022 9200.0 9057.357463793156 9949.804205949022 7973.6625514403295 9057.357463793156 10419.804205949022 7200.0 2 733396.4731701493 
0.4048674244616703 0.4048674244616699 0.8198565345348828 -14634.808246828128 3 9057.357463793156 8459.804205949022 9200.0 7567.357463793158 9949.804205949022 9200.0 7057.357463793157 9949.804205949022 9451.851851851852 2 463434.74009821983 
-0.4048674244616695 0.40486742446166957 0.8198565345348836 -9729.954816008913 3 4547.357463793158 9949.804205949022 9200.0 3057.3574637931574 7949.804205949022 9451.851851851852 5057.357463793158 9949.804205949022 9451.851851851852 2 622060.0538231125 
-0.0 -0.7027012590611674 0.7114850247994332 -3949.3186606499103 3 5057.357463793158 3949.8042059490235 9451.851851851852 5057.357463793158 3694.8042059490226 9200.0 7057.357463793157 3949.8042059490235 9451.851851851852 2 358405.2947170386 
-0.33148538883453466 -0.6629707776690674 0.671257912389932 -2049.585470873699 3 5057.357463793158 3694.8042059490226 9200.0 5057.357463793158 3949.8042059490235 9451.851851851852 4547.357463793158 3949.8042059490235 9200.0 2 96870.36651603329 
0.33148538883453377 -0.6629707776690675 0.6712579123899322 -6065.436459264185 3 7057.357463793157 3694.8042059490226 9200.0 7567.357463793158 3949.8042059490235 9200.0 7057.357463793157 3949.8042059490235 9451.851851851852 2 96870.36651603352 
-0.40486742446166957 -0.40486742446166957 0.8198565345348835 -4102.456157257992 3 3057.3574637931574 5439.804205949022 9200.0 4547.357463793158 3949.8042059490235 9200.0 5057.357463793158 3949.8042059490235 9451.851851851852 2 463434.7400982187 
-0.6629707776690688 0.33148538883453393 0.6712579123899307 -6952.935625277119 3 2802.357463793158 7949.804205949022 9200.0 3057.3574637931574 7949.804205949022 9451.851851851852 3057.3574637931574 8459.804205949022 9200.0 2 96870.36651603311 
-0.0 -0.0 1.0 -10439.506172839505 3 7057.357463793157 5949.8042059490235 10439.506172839505 7057.357463793157 7949.804205949022 10439.506172839505 5057.357463793158 5949.8042059490235 10439.506172839505 2 1999999.9999999977 
-0.0 0.44278031245462374 0.8966301327206141 -12880.392595553945 3 7057.357463793157 7949.804205949022 10439.506172839505 7057.357463793157 9949.804205949022 9451.851851851852 5057.357463793158 7949.804205949022 10439.506172839505 2 2230574.1542852996 
0.7859031532175417 -0.3929515766087717 0.47743616557965707 -9373.038874775626 3 9057.357463793156 5439.804205949022 9200.0 9527.357463793156 3949.8042059490235 7200.0 9312.357463793156 5949.8042059490235 9200.0 2 648934.920176902 
0.880107714173494 -0.44005385708674727 0.17822181212013258 -7930.171271272402 3 9932.357463793156 3949.8042059490235 5200.0 10932.357463793156 5949.8042059490235 5200.0 9527.357463793156 3949.8042059490235 7200.0 2 2272449.1193423895 
0.880107714173494 -0.44005385708674727 0.17822181212013272 -7930.171271272404 3 9527.357463793156 3949.8042059490235 7200.0 10932.357463793156 5949.8042059490235 5200.0 10527.357463793156 5949.8042059490235 7200.0 2 2272449.1193423895 
-0.4400538570867475 0.880107714173494 0.17822181212013274 -9108.345164662973 3 5057.357463793158 11824.804205949022 5200.0 3057.3574637931574 10824.80420594902 5200.0 5057.357463793158 11419.80420594902 7200.0 2 2272449.1193423895 
0.3929515766087707 -0.785903153217543 0.4774361655796559 -4261.854189445253 3 9057.357463793156 3949.8042059490235 7973.6625514403295 7567.357463793158 3949.8042059490235 9200.0 7057.357463793157 3694.8042059490226 9200.0 2 397906.59714550746 
0.6999674303982392 0.6999674303982386 0.14174340465564284 -14653.93131894113 3 9057.357463793156 10419.804205949022 7200.0 9527.357463793156 9949.804205949022 7200.0 9057.357463793156 10824.80420594902 5200.0 2 671459.8131124453 
0.7859031532175421 -0.3929515766087715 0.4774361655796568 -9373.03887477563 3 9312.357463793156 5949.8042059490235 9200.0 9527.357463793156 3949.8042059490235 7200.0 10527.357463793156 5949.8042059490235 7200.0 2 2544842.824223138 
-0.8801077141734941 -0.4400538570867469 0.17822181212013277 2732.0827915090927 3 2182.357463793158 3949.8042059490235 5200.0 2587.357463793158 3949.8042059490235 7200.0 1182.3574637931579 5949.8042059490235 5200.0 2 2272449.119342389 
-0.44005385708674694 -0.8801077141734943 0.1782218121201326 3124.8074226392846 3 5057.357463793158 2074.8042059490235 5200.0 5057.357463793158 2479.8042059490235 7200.0 3057.3574637931574 3074.804205949023 5200.0 2 2272449.119342389 
1.7809413144203957e-17 -0.9801066401787929 0.19847159463620556 1001.4770872132567 3 5057.357463793158 2074.8042059490235 5200.0 7057.357463793157 2479.8042059490235 7200.0 5057.357463793158 2479.8042059490235 7200.0 2 2040594.276185248 
0.44005385708674716 -0.8801077141734941 0.17822181212013244 -2206.3196087514643 3 7057.357463793157 2074.8042059490235 5200.0 9057.357463793156 3479.8042059490235 7200.0 7057.357463793157 2479.8042059490235 7200.0 2 2272449.1193423886 
0.6999674303982387 -0.6999674303982389 0.14174340465564345 -4924.658135323115 3 9527.357463793156 3949.8042059490235 7200.0 9057.357463793156 3479.8042059490235 7200.0 9932.357463793156 3949.8042059490235 5200.0 2 671459.8131124453 
0.9801066401787929 -1.7809413144203963e-17 0.19847159463620564 -11746.928435180129 3 10932.357463793156 5949.8042059490235 5200.0 10932.357463793156 7949.804205949022 5200.0 10527.357463793156 5949.8042059490235 7200.0 2 2040594.2761852478 
-0.8801077141734941 0.44005385708674705 0.17822181212013277 -3384.4935021420365 3 1587.357463793158 7949.804205949022 7200.0 2587.357463793158 9949.804205949022 7200.0 2182.357463793158 9949.804205949022 5200.0 2 2272449.119342389 
-0.9801066401787929 0.0 0.19847159463620573 126.78410922036092 3 1182.3574637931579 5949.8042059490235 5200.0 1587.357463793158 5949.8042059490235 7200.0 1182.3574637931579 7949.804205949022 5200.0 2 2040594.2761852478 
-0.6496991726402835 -0.6496991726402828 0.3946922473789716 1405.4043471186712 3 3057.3574637931574 3479.8042059490235 7200.0 3057.3574637931574 3949.8042059490235 7973.6625514403295 2587.357463793158 3949.8042059490235 7200.0 2 279838.28092257684 
0.4400538570867468 0.8801077141734943 0.17822181212013274 -14439.472196053724 3 7057.357463793157 11824.804205949022 5200.0 7057.357463793157 11419.80420594902 7200.0 9057.357463793156 10419.804205949022 7200.0 2 2272449.119342388 
-0.44005385708674705 -0.8801077141734941 0.17822181212013272 3124.8074226392837 3 3057.3574637931574 3074.804205949023 5200.0 5057.357463793158 2479.8042059490235 7200.0 3057.3574637931574 3479.8042059490235 7200.0 2 2272449.1193423895 
1.7809413144203957e-17 -0.9801066401787929 0.1984715946362055 1001.477087213257 3 7057.357463793157 2074.8042059490235 5200.0 7057.357463793157 2479.8042059490235 7200.0 5057.357463793158 2074.8042059490235 5200.0 2 2040594.2761852483 
-0.8801077141734941 0.44005385708674694 0.17822181212013272 -3384.493502142035 3 1182.3574637931579 7949.804205949022 5200.0 1587.357463793158 7949.804205949022 7200.0 2182.357463793158 9949.804205949022 5200.0 2 2272449.119342389 
1.7809413144203954e-17 0.9801066401787929 0.19847159463620567 -12621.621413173025 3 7057.357463793157 11824.804205949022 5200.0 5057.357463793158 11824.804205949022 5200.0 7057.357463793157 11419.80420594902 7200.0 2 2040594.2761852483 
0.0 -0.8546520799265586 0.5192011385553842 -1618.8783751738058 3 7057.357463793157 2479.8042059490235 7200.0 7057.357463793157 3694.8042059490226 9200.0 5057.357463793158 2479.8042059490235 7200.0 2 2340133.543197908 
0.0 -0.8546520799265586 0.5192011385553842 -1618.8783751738056 3 5057.357463793158 2479.8042059490235 7200.0 7057.357463793157 3694.8042059490226 9200.0 5057.357463793158 3694.8042059490226 9200.0 2 2340133.543197908 
-0.9801066401787929 -1.780941314420397e-17 0.19847159463620567 126.78410922036159 3 1587.357463793158 5949.8042059490235 7200.0 1587.357463793158 7949.804205949022 7200.0 1182.3574637931579 7949.804205949022 5200.0 2 2040594.2761852476 
0.880107714173494 0.4400538570867475 0.17822181212013277 -14046.747564923537 3 10527.357463793156 7949.804205949022 7200.0 9932.357463793156 9949.804205949022 5200.0 9527.357463793156 9949.804205949022 7200.0 2 2272449.1193423895 
0.3929515766087712 -0.7859031532175422 0.4774361655796568 -4261.854189445268 3 9057.357463793156 3479.8042059490235 7200.0 7057.357463793157 3694.8042059490226 9200.0 7057.357463793157 2479.8042059490235 7200.0 2 2544842.8242231375 
-0.7859031532175444 -0.3929515766087696 0.47743616557965446 147.9537871460999 3 3057.3574637931574 3949.8042059490235 7973.6625514403295 3057.3574637931574 5439.804205949022 9200.0 2802.357463793158 5949.8042059490235 9200.0 2 397906.59714550676 
0.39295157660877156 -0.7859031532175417 0.47743616557965723 -4261.8541894452765 3 9057.357463793156 3949.8042059490235 7973.6625514403295 7057.357463793157 3694.8042059490226 9200.0 9057.357463793156 3479.8042059490235 7200.0 2 984424.7962015432 
-0.7859031532175422 -0.392951576608771 0.4774361655796568 147.95378714608066 3 3057.3574637931574 3949.8042059490235 7973.6625514403295 2802.357463793158 5949.8042059490235 9200.0 2587.357463793158 3949.8042059490235 7200.0 2 984424.7962015428 
0.6999674303982388 -0.6999674303982388 0.14174340465564345 -4924.658135323117 3 9057.357463793156 3479.8042059490235 7200.0 9057.357463793156 3074.804205949023 5200.0 9932.357463793156 3949.8042059490235 5200.0 2 1250058.1627093402 
0.649699172640283 -0.649699172640283 0.3946922473789718 -6465.515918107045 3 9057.357463793156 3479.8042059490235 7200.0 9527.357463793156 3949.8042059490235 7200.0 9057.357463793156 3949.8042059490235 7973.6625514403295 2 279838.2809225771 
-0.7859031532175422 -0.3929515766087712 0.47743616557965685 147.9537871460811 3 2587.357463793158 3949.8042059490235 7200.0 2802.357463793158 5949.8042059490235 9200.0 1587.357463793158 5949.8042059490235 7200.0 2 2544842.824223138 
0.5363472530891409 -0.5363472530891409 0.6516619125033059 -7935.554347778788 3 9057.357463793156 3949.8042059490235 7973.6625514403295 9057.357463793156 5439.804205949022 9200.0 7567.357463793158 3949.8042059490235 9200.0 2 1703413.9615983265 
-0.6999674303982385 0.699967430398239 0.141743404655643 -6174.025441071358 3 3057.3574637931574 10824.80420594902 5200.0 2182.357463793158 9949.804205949022 5200.0 3057.3574637931574 10419.804205949022 7200.0 2 1250058.1627093388 
0.44005385708674755 0.8801077141734941 0.17822181212013194 -14439.472196053723 3 9057.357463793156 10824.80420594902 5200.0 7057.357463793157 11824.804205949022 5200.0 9057.357463793156 10419.804205949022 7200.0 2 2272449.1193423886 
-0.4400538570867469 0.8801077141734945 0.17822181212013208 -9108.345164662975 3 3057.3574637931574 10824.80420594902 5200.0 3057.3574637931574 10419.804205949022 7200.0 5057.357463793158 11419.80420594902 7200.0 2 2272449.119342389 
-0.39295157660877056 -0.7859031532175426 0.4774361655796568 498.6421415155887 3 4547.357463793158 3949.8042059490235 9200.0 3057.3574637931574 3949.8042059490235 7973.6625514403295 3057.3574637931574 3479.8042059490235 7200.0 2 733396.4731701501 
0.9801066401787929 1.7809413144203975e-17 0.1984715946362057 -11746.928435180129 3 10527.357463793156 5949.8042059490235 7200.0 10932.357463793156 7949.804205949022 5200.0 10527.357463793156 7949.804205949022 7200.0 2 2040594.2761852478 
0.880107714173494 0.4400538570867474 0.1782218121201327 -14046.747564923533 3 10932.357463793156 7949.804205949022 5200.0 9932.357463793156 9949.804205949022 5200.0 10527.357463793156 7949.804205949022 7200.0 2 2272449.1193423895 
0.6999674303982382 0.6999674303982393 0.1417434046556433 -14653.93131894113 3 9527.357463793156 9949.804205949022 7200.0 9932.357463793156 9949.804205949022 5200.0 9057.357463793156 10824.80420594902 5200.0 2 1250058.1627093393 
-0.39295157660877084 -0.7859031532175426 0.4774361655796564 498.642141515593 3 4547.357463793158 3949.8042059490235 9200.0 3057.3574637931574 3479.8042059490235 7200.0 5057.357463793158 3694.8042059490226 9200.0 2 648934.9201769003 
-0.699967430398239 -0.6999674303982386 0.1417434046556435 3555.247742546662 3 2182.357463793158 3949.8042059490235 5200.0 3057.3574637931574 3074.804205949023 5200.0 2587.357463793158 3949.8042059490235 7200.0 2 1250058.1627093395 
0.4400538570867469 -0.8801077141734941 0.1782218121201327 -2206.3196087514634 3 9057.357463793156 3074.804205949023 5200.0 9057.357463793156 3479.8042059490235 7200.0 7057.357463793157 2074.8042059490235 5200.0 2 2272449.1193423886 
-0.8801077141734941 -0.44005385708674705 0.17822181212013263 2732.082791509095 3 2587.357463793158 3949.8042059490235 7200.0 1587.357463793158 5949.8042059490235 7200.0 1182.3574637931579 5949.8042059490235 5200.0 2 2272449.1193423895 
-0.6999674303982393 0.6999674303982383 0.14174340465564353 -6174.0254410713505 3 2182.357463793158 9949.804205949022 5200.0 2587.357463793158 9949.804205949022 7200.0 3057.3574637931574 10419.804205949022 7200.0 2 671459.813112445 
-0.6999674303982393 -0.6999674303982383 0.1417434046556434 3555.247742546662 3 3057.3574637931574 3074.804205949023 5200.0 3057.3574637931574 3479.8042059490235 7200.0 2587.357463793158 3949.8042059490235 7200.0 2 671459.813112445 
-0.0 0.9801066401787929 0.19847159463620573 -12621.621413173023 3 5057.357463793158 11824.804205949022 5200.0 5057.357463793158 11419.80420594902 7200.0 7057.357463793157 11419.80420594902 7200.0 2 2040594.2761852483 
-0.5363472530891404 -0.536347253089141 0.6516619125033061 -1437.8602744098612 3 4547.357463793158 3949.8042059490235 9200.0 3057.3574637931574 5439.804205949022 9200.0 3057.3574637931574 3949.8042059490235 7973.6625514403295 2 1703413.961598328 
-0.3929515766087712 -0.7859031532175422 0.4774361655796568 498.6421415155902 3 5057.357463793158 3694.8042059490226 9200.0 3057.3574637931574 3479.8042059490235 7200.0 5057.357463793158 2479.8042059490235 7200.0 2 2544842.8242231384 
0.7859031532175422 -0.3929515766087711 0.4774361655796568 -9373.038874775633 3 9057.357463793156 5439.804205949022 9200.0 9057.357463793156 3949.8042059490235 7973.6625514403295 9527.357463793156 3949.8042059490235 7200.0 2 733396.4731701493 
0.8546520799265587 -0.0 0.5192011385553842 -12735.47615015997 3 10527.357463793156 5949.8042059490235 7200.0 10527.357463793156 7949.804205949022 7200.0 9312.357463793156 5949.8042059490235 9200.0 2 2340133.543197907 
-0.8546520799265587 -6.21191668824474e-17 0.5192011385553842 -2381.6098395809963 3 2802.357463793158 5949.8042059490235 9200.0 2802.357463793158 7949.804205949022 9200.0 1587.357463793158 7949.804205949022 7200.0 2 2340133.5431979075 
-0.8546520799265586 6.211916688244739e-17 0.5192011385553842 -2381.6098395809972 3 1587.357463793158 5949.8042059490235 7200.0 2802.357463793158 5949.8042059490235 9200.0 1587.357463793158 7949.804205949022 7200.0 2 2340133.543197907 
0.8546520799265587 -6.211916688244742e-17 0.5192011385553842 -12735.47615015997 3 9312.357463793156 5949.8042059490235 9200.0 10527.357463793156 7949.804205949022 7200.0 9312.357463793156 7949.804205949022 9200.0 2 2340133.543197907 
-0.785903153217543 0.39295157660877006 0.47743616557965635 -5313.919252553777 3 3057.3574637931574 8459.804205949022 9200.0 3057.3574637931574 9949.804205949022 7973.6625514403295 2587.357463793158 9949.804205949022 7200.0 2 733396.4731701496 
-0.7859031532175422 0.3929515766087712 0.47743616557965685 -5313.919252553795 3 2802.357463793158 7949.804205949022 9200.0 2587.357463793158 9949.804205949022 7200.0 1587.357463793158 7949.804205949022 7200.0 2 2544842.8242231384 
-0.5363472530891406 0.5363472530891406 0.6516619125033063 -8892.877065146093 3 3057.3574637931574 8459.804205949022 9200.0 4547.357463793158 9949.804205949022 9200.0 3057.3574637931574 9949.804205949022 7973.6625514403295 2 1703413.9615983292 
0.536347253089141 0.5363472530891404 0.6516619125033061 -15390.57113851502 3 9057.357463793156 9949.804205949022 7973.6625514403295 7567.357463793158 9949.804205949022 9200.0 9057.357463793156 8459.804205949022 9200.0 2 1703413.9615983278 
0.7859031532175422 0.39295157660877134 0.4774361655796566 -14834.911914475506 3 9057.357463793156 9949.804205949022 7973.6625514403295 9057.357463793156 8459.804205949022 9200.0 9312.357463793156 7949.804205949022 9200.0 2 397906.5971455072 
-0.785903153217544 0.3929515766087694 0.4774361655796552 -5313.919252553759 3 3057.3574637931574 8459.804205949022 9200.0 2587.357463793158 9949.804205949022 7200.0 2802.357463793158 7949.804205949022 9200.0 2 648934.9201768995 
